000000 000000 000000 000000 000000 000000 000000 000000 000000 000000 000000 000000 000000 000000 000000 000000 000000 000000 000000 000000 000000 000000 000000 000000 000000 000000 000000 000000 000000 000000 000000 000000 
000000 000000 000000 000000 000000 000000 000000 000000 000000 000000 000000 000000 000000 000000 000000 000000 000000 000000 000000 000000 000000 000000 000000 000000 000000 000000 000000 000000 000000 000000 000000 000000 
000000 000000 000000 000000 000000 000000 000000 000000 000000 000000 000000 000000 000000 000000 000000 000000 000000 000000 000000 000000 000000 000000 000000 000000 000000 000000 000000 000000 000000 000000 000000 000000 
000000 000000 000000 000000 000000 000000 000000 000000 000000 000000 000000 000000 000000 000000 000000 000000 000000 000000 000000 000000 000000 000000 000000 000000 000000 000000 000000 000000 000000 000000 000000 000000 
000000 000000 000000 000000 000000 000000 000000 000000 000000 000000 000000 000000 000000 000000 000000 000000 000000 000000 000000 000000 000000 000000 000000 000000 000000 000000 000000 000000 000000 000000 000000 000000 
000000 000000 000000 000000 000000 000000 000000 000000 000000 000000 000000 000000 000000 000000 000000 000000 000000 000000 000000 000000 000000 000000 000000 000000 000000 000000 000000 000000 000000 000000 000000 000000 
000000 000000 000000 000000 000000 000000 000000 000000 000000 000000 000000 000000 000000 000000 000000 000000 000000 000000 000000 000000 000000 000000 000000 000000 000000 000000 000000 000000 000000 000000 000000 000000 
000000 000000 000000 000000 000000 000000 000000 000000 000000 000000 000000 000000 000000 000000 000000 000000 000000 000000 000000 000000 000000 000000 000000 000000 000000 000000 000000 000000 000000 000000 000000 000000 
000000 000000 000000 000000 000000 000000 000000 000000 000000 000000 000000 000000 000000 000000 000000 fffffff fffffff fffffff fffffff fffffff fffffff fffffff fffffff fffffff 000000 000000 000000 000000 000000 000000 000000 000000 
000000 000000 000000 000000 000000 000000 000000 000000 000000 000000 000000 000000 000000 000000 000000 fffffff 969696 969696 969696 fffffff 969696 969696 969696 fffffff 000000 000000 000000 000000 000000 000000 000000 000000 
000000 000000 000000 000000 000000 000000 000000 000000 000000 000000 000000 000000 000000 000000 fffffff fffffff 969696 969696 969696 fffffff 969696 969696 969696 fffffff fffffff 000000 000000 000000 000000 000000 000000 000000 
000000 000000 000000 000000 000000 000000 000000 000000 000000 000000 000000 000000 000000 fffffff fffffff 969696 969696 969696 969696 fffffff 969696 969696 969696 969696 fffffff 000000 000000 000000 000000 000000 000000 000000 
000000 000000 000000 000000 000000 000000 000000 000000 000000 000000 000000 000000 000000 fffffff 969696 969696 969696 969696 969696 fffffff 969696 969696 969696 969696 fffffff fffffff 000000 000000 000000 000000 000000 000000 
000000 000000 000000 000000 000000 000000 000000 000000 000000 000000 000000 000000 fffffff fffffff 969696 969696 969696 969696 969696 fffffff 969696 969696 969696 969696 969696 fffffff 000000 000000 000000 000000 000000 000000 
000000 000000 000000 000000 000000 000000 000000 fffffff fffffff fffffff fffffff fffffff fffffff fffffff fffffff fffffff fffffff fffffff fffffff fffffff fffffff fffffff fffffff fffffff fffffff fffffff fffffff fffffff fffffff 000000 000000 000000 
000000 000000 000000 000000 000000 000000 000000 000000 000000 000000 fffffff fffffff fffffff fffffff fffffff fffffff fffffff fffffff 000000 fffffff 000000 fffffff fffffff fffffff fffffff fffffff fffffff 000000 000000 000000 000000 000000 
000000 000000 000000 000000 000000 000000 000000 000000 000000 000000 fffffff fffffff fffffff fffffff fffffff fffffff fffffff fffffff fffffff fffffff fffffff fffffff fffffff fffffff fffffff fffffff fffffff fffffff 000000 000000 000000 000000 
000000 000000 000000 000000 000000 000000 000000 fffffff fffffff fffffff fffffff 000000 000000 fffffff fffffff fffffff fffffff fffffff fffffff fffffff fffffff fffffff 000000 000000 000000 fffffff fffffff fffffff fffffff 000000 000000 000000 
000000 000000 000000 000000 000000 000000 000000 fffffff fffffff fffffff 000000 fffffff fffffff 000000 000000 fffffff fffffff fffffff fffffff fffffff fffffff 000000 fffffff fffffff 000000 000000 fffffff fffffff fffffff 000000 000000 000000 
000000 000000 000000 000000 000000 000000 000000 fffffff fffffff 000000 fffffff fffffff fffffff fffffff 000000 fffffff fffffff fffffff fffffff fffffff 000000 fffffff fffffff fffffff fffffff 000000 fffffff fffffff fffffff 000000 000000 000000 
000000 000000 000000 000000 000000 000000 000000 fffffff fffffff 000000 fffffff fffffff 000000 fffffff fffffff 000000 fffffff fffffff fffffff fffffff 000000 fffffff fffffff 000000 fffffff fffffff 000000 fffffff fffffff 000000 000000 000000 
000000 000000 000000 000000 000000 000000 000000 fffffff fffffff 000000 fffffff 000000 000000 fffffff fffffff 000000 fffffff fffffff fffffff fffffff 000000 fffffff 000000 000000 fffffff fffffff 000000 fffffff fffffff 000000 000000 000000 
000000 000000 000000 000000 000000 000000 000000 fffffff fffffff 000000 fffffff 000000 000000 fffffff fffffff 000000 fffffff fffffff fffffff fffffff 000000 fffffff fffffff 000000 fffffff fffffff 000000 fffffff 000000 000000 000000 000000 
000000 000000 000000 000000 000000 000000 000000 000000 000000 000000 fffffff fffffff fffffff fffffff 000000 000000 000000 000000 000000 000000 000000 fffffff fffffff fffffff fffffff 000000 000000 000000 000000 000000 000000 000000 
000000 000000 000000 000000 000000 000000 000000 000000 000000 000000 000000 fffffff fffffff 000000 000000 000000 000000 000000 000000 000000 000000 000000 fffffff fffffff fffffff 000000 000000 000000 000000 000000 000000 000000 
000000 000000 000000 000000 000000 000000 000000 000000 000000 000000 000000 000000 000000 000000 000000 000000 000000 000000 000000 000000 000000 000000 000000 000000 000000 000000 000000 000000 000000 000000 000000 000000 
000000 000000 000000 000000 000000 000000 000000 000000 000000 000000 000000 000000 000000 000000 000000 000000 000000 000000 000000 000000 000000 000000 000000 000000 000000 000000 000000 000000 000000 000000 000000 000000 
000000 000000 000000 000000 000000 000000 000000 000000 000000 000000 000000 000000 000000 000000 000000 000000 000000 000000 000000 000000 000000 000000 000000 000000 000000 000000 000000 000000 000000 000000 000000 000000 
000000 000000 000000 000000 000000 000000 000000 000000 000000 000000 000000 000000 000000 000000 000000 000000 000000 000000 000000 000000 000000 000000 000000 000000 000000 000000 000000 000000 000000 000000 000000 000000 
000000 000000 000000 000000 000000 000000 000000 000000 000000 000000 000000 000000 000000 000000 000000 000000 000000 000000 000000 000000 000000 000000 000000 000000 000000 000000 000000 000000 000000 000000 000000 000000 
000000 000000 000000 000000 000000 000000 000000 000000 000000 000000 000000 000000 000000 000000 000000 000000 000000 000000 000000 000000 000000 000000 000000 000000 000000 000000 000000 000000 000000 000000 000000 000000 
000000 000000 000000 000000 000000 000000 000000 000000 000000 000000 000000 000000 000000 000000 000000 000000 000000 000000 000000 000000 000000 000000 000000 000000 000000 000000 000000 000000 000000 000000 000000 000000 